1013.00 300.00 0.00  
10.00 300.06 0.00 2.50 0.00
20.00 300.12 0.00 2.50 0.00
30.00 300.18 0.00 2.50 0.00
40.00 300.24 0.00 2.50 0.00
50.00 300.30 0.00 2.50 0.00
60.00 300.36 0.00 2.50 0.00
70.00 300.42 0.00 2.50 0.00
80.00 300.48 0.00 2.50 0.00
90.00 300.54 0.00 2.50 0.00
100.00 300.60 0.00 2.50 0.00
200.00 301.20 0.00 2.50 0.00
300.00 301.80 0.00 2.50 0.00
400.00 302.40 0.00 2.50 0.00
500.00 303.00 0.00 2.50 0.00
600.00 303.60 0.00 2.50 0.00
700.00 304.20 0.00 2.50 0.00
800.00 304.80 0.00 2.50 0.00
900.00 305.40 0.00 2.50 0.00
1000.00 306.00 0.00 2.50 0.00
1500.00 309.00 0.00 2.50 0.00
2000.00 312.00 0.00 2.50 0.00
2500.00 315.00 0.00 2.50 0.00
3000.00 318.00 0.00 2.50 0.00
3500.00 321.00 0.00 2.50 0.00
4000.00 324.00 0.00 2.50 0.00
4500.00 327.00 0.00 2.50 0.00
5000.00 330.00 0.00 2.50 0.00
5500.00 333.00 0.00 2.50 0.00
6000.00 336.00 0.00 2.50 0.00
6500.00 339.00 0.00 2.50 0.00
7000.00 342.00 0.00 2.50 0.00
7500.00 345.00 0.00 2.50 0.00
8000.00 348.00 0.00 2.50 0.00
8500.00 351.00 0.00 2.50 0.00
9000.00 354.00 0.00 2.50 0.00
9500.00 357.00 0.00 2.50 0.00
10000.00 360.00 0.00 2.50 0.00
11000.00 366.00 0.00 2.50 0.00
12000.00 372.00 0.00 2.50 0.00
13000.00 387.00 0.00 2.50 0.00
14000.00 402.00 0.00 2.50 0.00
15000.00 417.00 0.00 2.50 0.00
16000.00 432.00 0.00 2.50 0.00
17000.00 447.00 0.00 2.50 0.00
18000.00 462.00 0.00 2.50 0.00
