1013.00 288.15 0.00  
10.00 288.15 0.00 5.0 0.00
20.00 288.15 0.00 5.0 0.00
30.00 288.15 0.00 5.0 0.00
40.00 288.15 0.00 5.0 0.00
50.00 288.15 0.00 5.0 0.00
60.00 288.15 0.00 5.0 0.00
70.00 288.15 0.00 5.0 0.00
80.00 288.15 0.00 5.0 0.00
90.00 288.15 0.00 5.0 0.00
100.00 288.15 0.00 5.0 0.00
200.00 288.15 0.00 5.0 0.00
300.00 288.15 0.00 5.0 0.00
400.00 288.15 0.00 5.0 0.00
500.00 288.15 0.00 5.0 0.00
600.00 288.15 0.00 5.0 0.00
700.00 288.15 0.00 5.0 0.00
800.00 288.15 0.00 5.0 0.00
900.00 288.15 0.00 5.0 0.00
1000.00 288.15 0.00 5.0 0.00
1500.00 288.15 0.00 5.0 0.00
2000.00 288.15 0.00 5.0 0.00
2500.00 291.15 0.00 5.0 0.00
3000.00 294.15 0.00 5.0 0.00
3500.00 297.15 0.00 5.0 0.00
4000.00 300.15 0.00 5.0 0.00
4500.00 303.15 0.00 5.0 0.00
5000.00 306.15 0.00 5.0 0.00
5500.00 309.15 0.00 5.0 0.00
6000.00 312.15 0.00 5.0 0.00
6500.00 315.15 0.00 5.0 0.00
7000.00 318.15 0.00 5.0 0.00
7500.00 321.15 0.00 5.0 0.00
8000.00 324.15 0.00 5.0 0.00
8500.00 327.15 0.00 5.0 0.00
9000.00 330.15 0.00 5.0 0.00
9500.00 333.15 0.00 5.0 0.00
10000.00 336.15 0.00 5.0 0.00
11000.00 342.15 0.00 5.0 0.00
12000.00 348.15 0.00 5.0 0.00
13000.00 363.15 0.00 5.0 0.00
14000.00 378.15 0.00 5.0 0.00
15000.00 393.15 0.00 5.0 0.00
16000.00 408.15 0.00 5.0 0.00
17000.00 423.15 0.00 5.0 0.00
18000.00 438.15 0.00 5.0 0.00
